0
249298944
385089536
520355840
654311424
769654784
877133824
979894272
1070333952
1151598592
1229717504
1288962048
1532231680
1595408384
1643642880
1695023104
1893203968
2084569088
2265710592
2436890624
2596274176
2742812672
2884108288
2884370432
3039821824
3099328512
3100114944
3100377088
3100639232
3100901376
3101163520
3101425664
3101687808
3101949952
3102212096
3102474240
3102736384
3102998528
3103260672
3103522816
3103784960
3104047104
3104309248
3104571392
3104833536
3105095680
3105357824
3105619968
3105882112
3106144256
3106406400
3106668544
3106930688
3107192832
3107454976
3107717120
3107979264
3108241408
3108503552
3108765696
3109027840
3109289984
3109552128
3109814272
3110076416
3110338560
3110600704
3110862848
3111124992
3111387136
3111649280
3111911424
3112173568
3112435712
3112697856
3112960000
3113222144
3113484288
3113746432
3114008576
3114270720
3114532864
3114795008
3115057152
3115319296
